1/1534849290367911.png 1 244 180 162 109
1/1534849290467891.png 1 244 172 162 115 
1/1534849290571255.png 1 247 177 160 108 
1/1534849290668480.png 1 245 177 160 108 
1/1534849290779126.png 1 247 177 158 110 
1/1534849290880539.png 1 245 178 156 108 
1/1534849290967724.png 1 247 178 158 107 
1/1534849291070018.png 1 242 181 164 108
1/1534849291168990.png 1 242 181 162 108
1/1534849291267650.png 1 248 178 156 112
1/1534849291369051.png 1 246 181 157 112
1/1534849291468144.png 1 245 177 157 108 
1/1534849291569963.png 1 242 178 158 105 
1/1534849291679561.png 1 244 178 154 102 
1/1534849291799527.png 1 246 179 154 102 
1/1534849291870455.png 1 248 177 154 102 
1/1534849291967512.png 1 249 174 154 102 
1/1534849292070020.png 1 251 175 154 102 
1/1534849292167549.png 1 248 183 154 102 
1/1534849292267740.png 1 250 188 154 102 
1/1534849292368589.png 1 253 186 154 102 
1/1534849292467587.png 1 265 185 153 111 
1/1534849292569911.png 1 276 178 153 111 
1/1534849292667597.png 1 269 170 159 117
1/1534849292767451.png 1 276 170 141 111 
1/1534849292867434.png 1 259 179 155 111 
1/1534849292968418.png 1 246 187 164 106 
1/1534849293069808.png 1 239 184 164 106 
1/1534849293167367.png 1 231 186 168 97 
1/1534849293267606.png 1 229 186 168 97 
1/1534849293367446.png 1 236 181 159 100 
1/1534849293467400.png 1 234 178 159 100 
1/1534849293570599.png 1 240 170 159 100 
1/1534849293667234.png 1 235 164 168 97 
1/1534849293767229.png 1 221 156 187 100
1/1534849293867385.png 1 227 162 185 97
1/1534849293967199.png 1 228 170 186 104
1/1534849294069417.png 1 227 179 189 98
1/1534849294168165.png 1 225 177 195 103 
1/1534849294267142.png 1 232 175 195 103 
1/1534849294367184.png 1 230 179 195 102 
1/1534849294467361.png 1 217 176 202 107
1/1534849294569393.png 1 209 178 210 103
1/1534849294667123.png 1 212 177 209 103
1/1534849294768128.png 1 222 178 206 108
1/1534849294867051.png 1 217 179 215 111
1/1534849294967113.png 1 222 180 214 102
1/1534849295069412.png 1 240 177 195 102 
1/1534849295167050.png 1 237 176 199 103 
1/1534849295267003.png 1 218 177 223 106 
1/1534849295368028.png 1 216 179 223 102 
1/1534849295467456.png 1 219 179 225 103 
1/1534849295569183.png 1 225 178 225 103 
1/1534849295667058.png 1 235 178 225 103 
1/1534849295766902.png 1 243 182 222 102
1/1534849295866899.png 1 239 179 231 104
1/1534849295967954.png 1 240 179 228 107
1/1534849296069149.png 1 237 179 230 106
1/1534849296167618.png 1 229 181 239 105
1/1534849296267552.png 1 231 181 233 106
1/1534849296367412.png 1 232 185 225 102
1/1534849296466881.png 1 226 176 224 109 
1/1534849296570697.png 1 217 179 230 103 
1/1534849296666902.png 1 213 178 230 103 
1/1534849296766920.png 1 213 178 230 103 
1/1534849296866967.png 1 217 179 227 103 
1/1534849296967051.png 1 219 179 227 103 
1/1534849297069537.png 1 231 178 219 104 
1/1534849297169284.png 1 231 179 219 104 
1/1534849297266925.png 1 219 179 220 103
1/1534849297367209.png 1 216 177 213 101
1/1534849297467214.png 1 213 180 208 101
1/1534849297569277.png 1 202 177 204 110
1/1534849297666859.png 1 188 179 203 101
1/1534849297767819.png 1 175 175 213 104 
1/1534849297866679.png 1 180 176 201 105 
1/1534849297966605.png 1 186 178 194 104 
1/1534849298069007.png 1 193 180 189 100
1/1534849298166517.png 1 187 177 195 103
1/1534849298291432.png 1 196 177 185 108 
1/1534849298367780.png 1 203 172 178 110 
1/1534849298466510.png 1 210 178 176 107 
1/1534849298568686.png 1 216 177 176 107 
1/1534849298666654.png 1 218 178 176 107 
1/1534849298766607.png 1 221 178 163 111
1/1534849298866375.png 1 207 181 177 108
1/1534849298967433.png 1 207 181 175 108
1/1534849299081206.png 1 225 183 157 103
1/1534849299167138.png 1 222 178 170 108 
1/1534849299267188.png 1 223 177 167 107 
1/1534849299366389.png 1 228 180 167 107 
1/1534849299466211.png 1 230 178 167 107 
1/1534849299570504.png 1 229 177 167 107 
1/1534849299666292.png 1 227 178 167 107 
1/1534849299766208.png 1 225 176 167 107 
1/1534849299866406.png 1 223 181 166 106
1/1534849299966147.png 1 230 179 162 106
1/1534849300068213.png 1 234 178 163 108
1/1534849300167201.png 1 225 178 166 105 
1/1534849300266141.png 1 223 177 161 104 
1/1534849300366113.png 1 218 175 161 104 
1/1534849300466279.png 1 218 179 163 101 
1/1534849300568223.png 1 223 178 158 105
1/1534849300666109.png 1 207 180 165 101
1/1534849300767150.png 1 197 177 172 106
1/1534849300866083.png 1 199 183 171 96
1/1534849300966054.png 1 203 179 165 101
1/1534849301068436.png 1 191 182 180 98
1/1534849301166013.png 1 205 177 171 105 
1/1534849301265984.png 1 213 177 180 107 
1/1534849301366996.png 1 221 179 181 103 
1/1534849301465989.png 1 225 178 181 103 
1/1534849301568132.png 1 227 179 178 102
1/1534849301666241.png 1 213 182 189 100
1/1534849301766241.png 1 215 181 186 102
1/1534849301866209.png 1 220 180 185 102
1/1534849301967346.png 1 218 181 186 102
1/1534849302068290.png 1 213 185 186 100
1/1534849302165758.png 1 217 185 181 97
1/1534849302265926.png 1 210 189 190 93
1/1534849302365755.png 1 214 180 185 102 
1/1534849302465680.png 1 205 179 192 102 
1/1534849302569065.png 1 196 180 191 99 
1/1534849302676759.png 1 198 183 186 101
1/1534849302765627.png 1 197 184 190 100
1/1534849302865677.png 1 194 180 191 97 
1/1534849302965579.png 1 200 183 187 97
1/1534849303067794.png 1 205 181 191 97 
1/1534849303166625.png 1 208 183 191 97 
1/1534849303265552.png 1 198 182 191 97 
1/1534849303365538.png 1 202 177 184 101 
1/1534849303477025.png 1 211 182 177 100
1/1534849303578756.png 1 210 178 181 103
1/1534849303665462.png 1 225 176 172 105 
1/1534849303766525.png 1 227 173 172 105 
1/1534849303865390.png 1 233 181 160 104
1/1534849303965418.png 1 225 175 172 105 
1/1534849304067762.png 1 236 180 155 106
1/1534849304165570.png 1 225 174 172 105 
1/1534849304265344.png 1 229 181 162 105
1/1534849304366451.png 1 223 176 165 109 
1/1534849304465336.png 1 226 174 165 109 
1/1534849304569555.png 1 226 173 166 110