2/1534849379452440.png 1 268 181 139 100
2/1534849379565081.png 1 265 181 142 99 
2/1534849379651047.png 1 265 180 142 99 
2/1534849379752142.png 1 266 179 142 99 
2/1534849379851514.png 1 265 178 142 99 
2/1534849379953484.png 1 265 177 142 99 
2/1534849380053197.png 1 265 177 142 99 
2/1534849380150839.png 1 262 183 145 97
2/1534849380250924.png 1 265 177 142 99 
2/1534849380361759.png 1 265 178 142 99 
2/1534849380451014.png 1 265 179 142 99 
2/1534849380553467.png 1 264 180 142 99 
2/1534849380650758.png 1 263 184 145 96
2/1534849380750777.png 1 265 180 142 99 
2/1534849380850893.png 1 265 180 142 99 
2/1534849380950702.png 1 266 180 142 99 
2/1534849381052325.png 1 267 179 142 99 
2/1534849381163330.png 1 267 179 142 99 
2/1534849381263646.png 1 269 184 138 98
2/1534849381350805.png 1 273 181 142 99 
2/1534849381450865.png 1 274 179 142 99 
2/1534849381552468.png 1 274 180 142 99 
2/1534849381650539.png 1 275 180 142 99 
2/1534849381751663.png 1 276 182 146 97
2/1534849381850735.png 1 273 179 142 99 
2/1534849381962097.png 1 264 179 142 99 
2/1534849382068254.png 1 261 178 142 99 
2/1534849382150753.png 1 257 187 145 94
2/1534849382250535.png 1 253 179 142 99 
2/1534849382351616.png 1 254 179 142 99 
2/1534849382450536.png 1 256 179 148 100 
2/1534849382551925.png 1 251 184 156 89
2/1534849382650670.png 1 255 178 154 104 
2/1534849382754082.png 1 257 177 154 104 
2/1534849382870359.png 1 254 178 154 104 
2/1534849382951788.png 1 250 178 154 104 
2/1534849383051942.png 1 258 188 160 82
2/1534849383150307.png 1 257 179 161 97 
2/1534849383250548.png 1 255 178 161 97 
2/1534849383350309.png 1 266 177 161 97 
2/1534849383450510.png 1 284 188 159 86
2/1534849383553027.png 1 280 183 167 93 
2/1534849383664127.png 1 279 181 167 93 
2/1534849383750223.png 1 281 181 173 95 
2/1534849383850507.png 1 298 188 167 82
2/1534849383950211.png 1 284 182 179 94 
2/1534849384051757.png 1 279 180 176 94 
2/1534849384151267.png 1 286 181 176 94 
2/1534849384250096.png 1 295 185 179 86
2/1534849384350015.png 1 288 180 176 94 
2/1534849384450751.png 1 275 183 184 92 
2/1534849384551756.png 1 269 181 184 92 
2/1534849384650530.png 1 272 184 177 95
2/1534849384751382.png 1 265 183 184 92 
2/1534849384850375.png 1 264 181 184 92 
2/1534849384950375.png 1 266 182 184 92 
2/1534849385051634.png 1 266 184 184 92 
2/1534849385160840.png 1 280 190 168 80
2/1534849385249915.png 1 266 183 184 92 
2/1534849385350840.png 1 266 183 184 92 
2/1534849385450014.png 1 264 184 183 90 
2/1534849385551321.png 1 265 184 177 87 
2/1534849385650153.png 1 281 190 156 81
2/1534849385749722.png 1 266 183 173 84 
2/1534849385849758.png 1 269 185 167 81 
2/1534849385950892.png 1 265 185 167 81 
2/1534849386051283.png 1 261 187 162 79 
2/1534849386149717.png 1 266 187 151 78
2/1534849386249908.png 1 258 184 162 79 
2/1534849386349642.png 1 258 186 159 78 
2/1534849386449743.png 1 262 185 154 79 
2/1534849386552727.png 1 262 187 153 71 
2/1534849386649754.png 1 275 193 138 72
2/1534849386749641.png 1 262 187 153 71 
2/1534849386849791.png 1 258 187 153 71 
2/1534849386949520.png 1 261 184 151 72 
2/1534849387051208.png 1 271 191 139 71
2/1534849387150740.png 1 266 186 149 69 
2/1534849387249580.png 1 268 186 149 69 
2/1534849387349561.png 1 268 186 149 69 
2/1534849387449965.png 1 268 187 149 69 
2/1534849387551038.png 1 277 191 131 68
2/1534849387649513.png 1 257 185 149 69 
2/1534849387750446.png 1 257 186 146 66 
2/1534849387849320.png 1 253 186 146 66 
2/1534849387949378.png 1 247 184 146 66 
2/1534849388051229.png 1 245 185 146 66 
2/1534849388149349.png 1 249 187 126 68
2/1534849388249295.png 1 232 185 132 66 
2/1534849388350439.png 1 222 183 132 66 
2/1534849388449370.png 1 214 181 132 66 
2/1534849388550953.png 1 208 183 132 66 
2/1534849388649372.png 1 205 182 121 71
2/1534849388749177.png 1 185 186 132 66 
2/1534849388849276.png 1 176 183 132 66 
2/1534849388950215.png 1 177 184 128 63 
2/1534849389051009.png 1 185 184 119 64 
2/1534849389149463.png 1 176 183 119 64 
2/1534849389249737.png 1 167 183 119 64 
2/1534849389349216.png 1 167 183 110 64
2/1534849389449236.png 1 154 184 119 64 
2/1534849389552035.png 1 163 184 106 65
2/1534849389649028.png 1 155 182 119 64 
2/1534849389749017.png 1 157 181 119 64 
2/1534849389849100.png 1 171 188 113 66
2/1534849389948906.png 1 184 183 107 66 
2/1534849390050733.png 1 192 189 104 64
2/1534849390149975.png 1 203 184 107 66 
2/1534849390248859.png 1 217 185 101 66 
2/1534849390349036.png 1 202 186 109 69
2/1534849390448993.png 1 195 185 101 66 
2/1534849390550618.png 1 203 186 99 66 
2/1534849390648768.png 1 214 188 96 65
2/1534849390749959.png 1 221 185 94 66 
2/1534849390859957.png 1 213 189 96 64
2/1534849390960253.png 1 212 184 94 66 
2/1534849391050847.png 1 209 192 97 67
2/1534849391148648.png 1 211 182 98 70 
2/1534849391248654.png 1 211 195 99 58
2/1534849391349764.png 1 217 182 98 70 
2/1534849391448679.png 1 221 183 98 70 
2/1534849391550439.png 1 216 182 100 72
2/1534849391648751.png 1 208 183 98 70 
2/1534849391748442.png 1 202 186 104 68
2/1534849391848458.png 1 206 181 99 71 
2/1534849391949834.png 1 201 184 105 73
2/1534849392050585.png 1 195 181 104 71 
2/1534849392148555.png 1 185 184 106 73 
2/1534849392248690.png 1 183 189 107 69
2/1534849392357104.png 1 186 182 113 75 
2/1534849392452133.png 1 184 180 116 80 
2/1534849392551388.png 1 184 192 107 66
2/1534849392648321.png 1 177 184 117 75 
2/1534849392748320.png 1 179 185 116 69 
2/1534849392848965.png 1 190 192 112 62
2/1534849392948272.png 1 177 183 119 72 
2/1534849393050211.png 1 173 183 119 72 
2/1534849393149432.png 1 179 191 117 64
2/1534849393248947.png 1 192 184 119 72 
2/1534849393348984.png 1 190 186 129 71
2/1534849393448375.png 1 201 184 119 72 
2/1534849393550727.png 1 210 185 119 72 
2/1534849393648099.png 1 214 192 127 66
2/1534849393749421.png 1 226 188 122 68 
2/1534849393848076.png 1 233 187 122 68 
2/1534849393948050.png 1 231 185 133 80
2/1534849394050140.png 1 239 189 121 69 
2/1534849394148027.png 1 239 188 121 69 
2/1534849394247998.png 1 237 188 125 68 
2/1534849394349144.png 1 236 190 128 67
2/1534849394448043.png 1 239 188 126 66 
2/1534849394549846.png 1 239 189 123 63 
2/1534849394659055.png 1 239 189 123 63 
2/1534849394759578.png 1 239 189 123 63 
2/1534849394847983.png 1 239 188 123 63 
2/1534849394949038.png 1 239 187 124 64 
2/1534849395049863.png 1 237 187 127 68 
2/1534849395147873.png 1 239 186 125 67 
2/1534849395248169.png 1 238 187 125 67 
2/1534849395347833.png 1 239 187 123 65 
2/1534849395447975.png 1 240 188 123 65 
