3/1534849410745143.png 1 286 179 134 92
3/1534849410845237.png 1 288 178 131 92 
3/1534849410944961.png 1 286 179 132 89 
3/1534849411046748.png 1 287 179 132 89 
3/1534849411157376.png 1 286 186 135 90
3/1534849411251773.png 1 285 179 133 90 
3/1534849411345374.png 1 283 182 133 85 
3/1534849411445160.png 1 279 181 131 82 
3/1534849411547165.png 1 284 183 138 90
3/1534849411644959.png 1 290 181 132 86 
3/1534849411746104.png 1 290 181 132 86 
3/1534849411845035.png 1 296 182 132 86 
3/1534849411945217.png 1 297 187 137 90
3/1534849412047075.png 1 298 181 132 86 
3/1534849412144923.png 1 295 180 132 86 
3/1534849412244872.png 1 299 182 132 86 
3/1534849412346429.png 1 303 186 132 91
3/1534849412444882.png 1 291 181 140 88 
3/1534849412546840.png 1 294 181 140 88 
3/1534849412645107.png 1 298 181 140 88 
3/1534849412744921.png 1 297 186 137 87
3/1534849412845387.png 1 294 181 140 85 
3/1534849412945986.png 1 297 181 144 88 
3/1534849413046797.png 1 302 179 144 88 
3/1534849413145132.png 1 304 186 153 83
3/1534849413245035.png 1 298 179 151 91 
3/1534849413344562.png 1 296 180 151 91 
3/1534849413446839.png 1 298 178 151 91 
3/1534849413547770.png 1 305 192 155 80
3/1534849413644623.png 1 299 181 156 92 
3/1534849413744530.png 1 288 181 164 91 
3/1534849413844662.png 1 282 179 164 91 
3/1534849413944339.png 1 284 187 163 90
3/1534849414046262.png 1 281 179 164 91 
3/1534849414145309.png 1 277 179 164 91 
3/1534849414244317.png 1 268 182 166 86 
3/1534849414344335.png 1 263 184 166 86
3/1534849414444492.png 1 260 180 166 86 
3/1534849414546080.png 1 268 181 173 83 
3/1534849414644286.png 1 275 180 173 83 
3/1534849414745341.png 1 284 183 164 88
3/1534849414855346.png 1 274 179 173 83 
3/1534849414944425.png 1 278 180 173 83 
3/1534849415046353.png 1 285 186 165 85
3/1534849415144451.png 1 280 181 174 83 
3/1534849415244434.png 1 278 183 174 83 
3/1534849415345479.png 1 278 182 174 83 
3/1534849415444730.png 1 282 188 174 84
3/1534849415546092.png 1 283 183 178 90 
3/1534849415656293.png 1 290 181 178 90 
3/1534849415744470.png 1 288 179 182 92 
3/1534849415844440.png 1 278 191 191 88
3/1534849415945536.png 1 267 179 194 91 
3/1534849416046320.png 1 255 182 202 100 
3/1534849416144538.png 1 249 180 208 105 
3/1534849416244621.png 1 245 186 208 100
3/1534849416344346.png 1 239 176 226 111 
3/1534849416444304.png 1 241 179 231 115 
3/1534849416547339.png 1 241 184 239 114
3/1534849416644327.png 1 241 187 241 109
3/1534849416744351.png 1 235 181 247 109
3/1534849416844160.png 1 242 185 236 110
3/1534849416943960.png 1 236 181 242 116
3/1534849417045799.png 1 228 186 251 108
3/1534849417156851.png 1 218 180 255 119
3/1534849417244067.png 1 230 186 239 111
3/1534849417343936.png 1 231 174 253 121 
3/1534849417444117.png 1 236 172 244 121 
3/1534849417545646.png 1 251 186 233 116
3/1534849417643789.png 1 243 173 244 121 
3/1534849417744876.png 1 246 183 225 128
3/1534849417843813.png 1 234 173 232 118 
3/1534849417943715.png 1 231 173 233 115 
3/1534849418045740.png 1 237 181 215 116
3/1534849418143854.png 1 229 173 230 117 
3/1534849418244099.png 1 231 174 214 119
3/1534849418345229.png 1 224 171 214 117 
3/1534849418443679.png 1 221 175 210 118
3/1534849418545548.png 1 229 172 209 120 
3/1534849418655180.png 1 241 178 191 125
3/1534849418743675.png 1 239 172 193 121 
3/1534849418843744.png 1 231 173 198 125
3/1534849418944966.png 1 232 174 199 133
3/1534849419045420.png 1 229 180 203 123
3/1534849419143611.png 1 233 172 193 130
3/1534849419243813.png 1 231 170 193 121 
3/1534849419343610.png 1 237 175 192 124
3/1534849419443583.png 1 231 174 198 127
3/1534849419546525.png 1 234 173 192 117 
3/1534849419643544.png 1 241 174 187 122
3/1534849419743741.png 1 242 172 189 126
3/1534849419843639.png 1 230 169 195 122 
3/1534849419944059.png 1 241 176 191 124
3/1534849420046255.png 1 241 172 205 123
3/1534849420145033.png 1 238 179 220 119
3/1534849420243802.png 1 240 171 219 128
3/1534849420344478.png 1 229 174 227 127
3/1534849420444644.png 1 217 175 230 122
3/1534849420545955.png 1 207 177 233 119
3/1534849420643719.png 1 210 170 238 120 
3/1534849420744973.png 1 213 168 246 125 
3/1534849420843689.png 1 218 170 244 121 
3/1534849420943682.png 1 218 169 250 129 
3/1534849421045318.png 1 235 173 226 122
3/1534849421143699.png 1 216 167 258 129 
3/1534849421243623.png 1 211 164 258 129 
3/1534849421344730.png 1 205 163 258 129 
3/1534849421443529.png 1 211 170 240 131
3/1534849421557267.png 1 194 169 260 122 
3/1534849421665338.png 1 187 166 262 127 
3/1534849421743770.png 1 189 170 241 126
3/1534849421843532.png 1 169 168 265 124 
3/1534849421944641.png 1 167 168 266 129 
3/1534849422044811.png 1 176 171 243 125
3/1534849422143455.png 1 147 165 267 130 
3/1534849422243636.png 1 133 164 273 126 
3/1534849422343383.png 1 134 166 276 129 
3/1534849422443360.png 1 149 167 252 127
3/1534849422545955.png 1 134 164 274 131 
3/1534849422643472.png 1 132 166 272 129 
3/1534849422743436.png 1 158 174 242 120
3/1534849422843568.png 1 135 163 273 134 
3/1534849422943334.png 1 134 164 273 134 
3/1534849423044734.png 1 135 163 273 134 
3/1534849423144503.png 1 162 173 239 118
3/1534849423243261.png 1 134 161 273 134 
3/1534849423343183.png 1 134 163 273 134 
3/1534849423443519.png 1 134 164 273 134 
3/1534849423544789.png 1 164 164 236 128
3/1534849423643262.png 1 136 161 273 134 
3/1534849423744437.png 1 136 162 273 134 
3/1534849423843514.png 1 134 162 273 134 
3/1534849423943354.png 1 163 165 239 134
3/1534849424045148.png 1 135 166 273 134 
3/1534849424143072.png 1 135 166 273 134 
