5/1.jpg 1 559 339 213 103 
5/2.jpg 1 300 351 249 84 
5/3.jpg 1 296 352 258 83 
5/4.jpg 1 702 352 277 113 
5/5.jpg 1 565 352 292 109 
5/6.jpg 1 484 352 298 99 
5/7.jpg 1 381 351 284 93 
5/8.jpg 1 255 347 337 107 
5/9.jpg 1 217 349 346 104 
5/10.jpg 1 468 347 412 142 
5/11.jpg 1 92 338 450 145 
5/12.jpg 1 620 352 340 114 
5/13.jpg 1 466 351 305 107 
5/14.jpg 1 786 334 494 218 
5/15.jpg 1 505 328 708 235 
5/16.jpg 1 744 330 536 219 
5/17.jpg 1 602 354 366 125 
5/18.jpg 1 548 353 367 129 
5/19.jpg 1 546 353 369 125 
5/20.jpg 1 156 349 391 124 
