1/1534849290367911.png 1 244 180 162 109
1/1534849290467891.png 1 244 172 162 115 
1/1534849290571255.png 1 247 177 160 108 
1/1534849290668480.png 1 245 177 160 108 
1/1534849290779126.png 1 247 177 158 110 
1/1534849290880539.png 1 245 178 156 108 
1/1534849290967724.png 1 247 178 158 107 
1/1534849291070018.png 1 242 181 164 108
1/1534849291168990.png 1 242 181 162 108
1/1534849291267650.png 1 248 178 156 112
1/1534849291369051.png 1 246 181 157 112
1/1534849291468144.png 1 245 177 157 108 
1/1534849291569963.png 1 242 178 158 105 
1/1534849291679561.png 1 244 178 154 102 
1/1534849291799527.png 1 246 179 154 102 
1/1534849291870455.png 1 248 177 154 102 
1/1534849291967512.png 1 249 174 154 102 
1/1534849292070020.png 1 251 175 154 102 
1/1534849292167549.png 1 248 183 154 102 
1/1534849292267740.png 1 250 188 154 102 
1/1534849292368589.png 1 253 186 154 102 
1/1534849292467587.png 1 265 185 153 111 
1/1534849292569911.png 1 276 178 153 111 
1/1534849292667597.png 1 269 170 159 117
1/1534849292767451.png 1 276 170 141 111 
1/1534849292867434.png 1 259 179 155 111 
1/1534849292968418.png 1 246 187 164 106 
1/1534849293069808.png 1 239 184 164 106 
1/1534849293167367.png 1 231 186 168 97 
1/1534849293267606.png 1 229 186 168 97 
1/1534849293367446.png 1 236 181 159 100 
1/1534849293467400.png 1 234 178 159 100 
1/1534849293570599.png 1 240 170 159 100 
1/1534849293667234.png 1 235 164 168 97 
1/1534849293767229.png 1 221 156 187 100
1/1534849293867385.png 1 227 162 185 97
1/1534849293967199.png 1 228 170 186 104
1/1534849294069417.png 1 227 179 189 98
1/1534849294168165.png 1 225 177 195 103 
1/1534849294267142.png 1 232 175 195 103 
1/1534849294367184.png 1 230 179 195 102 
1/1534849294467361.png 1 217 176 202 107
1/1534849294569393.png 1 209 178 210 103
1/1534849294667123.png 1 212 177 209 103
1/1534849294768128.png 1 222 178 206 108
1/1534849294867051.png 1 217 179 215 111
1/1534849294967113.png 1 222 180 214 102
1/1534849295069412.png 1 240 177 195 102 
1/1534849295167050.png 1 237 176 199 103 
1/1534849295267003.png 1 218 177 223 106 
1/1534849295368028.png 1 216 179 223 102 
1/1534849295467456.png 1 219 179 225 103 
1/1534849295569183.png 1 225 178 225 103 
1/1534849295667058.png 1 235 178 225 103 
1/1534849295766902.png 1 243 182 222 102
1/1534849295866899.png 1 239 179 231 104
1/1534849295967954.png 1 240 179 228 107
1/1534849296069149.png 1 237 179 230 106
1/1534849296167618.png 1 229 181 239 105
1/1534849296267552.png 1 231 181 233 106
1/1534849296367412.png 1 232 185 225 102
1/1534849296466881.png 1 226 176 224 109 
1/1534849296570697.png 1 217 179 230 103 
1/1534849296666902.png 1 213 178 230 103 
1/1534849296766920.png 1 213 178 230 103 
1/1534849296866967.png 1 217 179 227 103 
1/1534849296967051.png 1 219 179 227 103 
1/1534849297069537.png 1 231 178 219 104 
1/1534849297169284.png 1 231 179 219 104 
1/1534849297266925.png 1 219 179 220 103
1/1534849297367209.png 1 216 177 213 101
1/1534849297467214.png 1 213 180 208 101
1/1534849297569277.png 1 202 177 204 110
1/1534849297666859.png 1 188 179 203 101
1/1534849297767819.png 1 175 175 213 104 
1/1534849297866679.png 1 180 176 201 105 
1/1534849297966605.png 1 186 178 194 104 
1/1534849298069007.png 1 193 180 189 100
1/1534849298166517.png 1 187 177 195 103
1/1534849298291432.png 1 196 177 185 108 
1/1534849298367780.png 1 203 172 178 110 
1/1534849298466510.png 1 210 178 176 107 
1/1534849298568686.png 1 216 177 176 107 
1/1534849298666654.png 1 218 178 176 107 
1/1534849298766607.png 1 221 178 163 111
1/1534849298866375.png 1 207 181 177 108
1/1534849298967433.png 1 207 181 175 108
1/1534849299081206.png 1 225 183 157 103
1/1534849299167138.png 1 222 178 170 108 
1/1534849299267188.png 1 223 177 167 107 
1/1534849299366389.png 1 228 180 167 107 
1/1534849299466211.png 1 230 178 167 107 
1/1534849299570504.png 1 229 177 167 107 
1/1534849299666292.png 1 227 178 167 107 
1/1534849299766208.png 1 225 176 167 107 
1/1534849299866406.png 1 223 181 166 106
1/1534849299966147.png 1 230 179 162 106
1/1534849300068213.png 1 234 178 163 108
1/1534849300167201.png 1 225 178 166 105 
1/1534849300266141.png 1 223 177 161 104 
1/1534849300366113.png 1 218 175 161 104 
1/1534849300466279.png 1 218 179 163 101 
1/1534849300568223.png 1 223 178 158 105
1/1534849300666109.png 1 207 180 165 101
1/1534849300767150.png 1 197 177 172 106
1/1534849300866083.png 1 199 183 171 96
1/1534849300966054.png 1 203 179 165 101
1/1534849301068436.png 1 191 182 180 98
1/1534849301166013.png 1 205 177 171 105 
1/1534849301265984.png 1 213 177 180 107 
1/1534849301366996.png 1 221 179 181 103 
1/1534849301465989.png 1 225 178 181 103 
1/1534849301568132.png 1 227 179 178 102
1/1534849301666241.png 1 213 182 189 100
1/1534849301766241.png 1 215 181 186 102
1/1534849301866209.png 1 220 180 185 102
1/1534849301967346.png 1 218 181 186 102
1/1534849302068290.png 1 213 185 186 100
1/1534849302165758.png 1 217 185 181 97
1/1534849302265926.png 1 210 189 190 93
1/1534849302365755.png 1 214 180 185 102 
1/1534849302465680.png 1 205 179 192 102 
1/1534849302569065.png 1 196 180 191 99 
1/1534849302676759.png 1 198 183 186 101
1/1534849302765627.png 1 197 184 190 100
1/1534849302865677.png 1 194 180 191 97 
1/1534849302965579.png 1 200 183 187 97
1/1534849303067794.png 1 205 181 191 97 
1/1534849303166625.png 1 208 183 191 97 
1/1534849303265552.png 1 198 182 191 97 
1/1534849303365538.png 1 202 177 184 101 
1/1534849303477025.png 1 211 182 177 100
1/1534849303578756.png 1 210 178 181 103
1/1534849303665462.png 1 225 176 172 105 
1/1534849303766525.png 1 227 173 172 105 
1/1534849303865390.png 1 233 181 160 104
1/1534849303965418.png 1 225 175 172 105 
1/1534849304067762.png 1 236 180 155 106
1/1534849304165570.png 1 225 174 172 105 
1/1534849304265344.png 1 229 181 162 105
1/1534849304366451.png 1 223 176 165 109 
1/1534849304465336.png 1 226 174 165 109 
1/1534849304569555.png 1 226 173 166 110
2/1534849379452440.png 1 268 181 139 100
2/1534849379565081.png 1 265 181 142 99 
2/1534849379651047.png 1 265 180 142 99 
2/1534849379752142.png 1 266 179 142 99 
2/1534849379851514.png 1 265 178 142 99 
2/1534849379953484.png 1 265 177 142 99 
2/1534849380053197.png 1 265 177 142 99 
2/1534849380150839.png 1 262 183 145 97
2/1534849380250924.png 1 265 177 142 99 
2/1534849380361759.png 1 265 178 142 99 
2/1534849380451014.png 1 265 179 142 99 
2/1534849380553467.png 1 264 180 142 99 
2/1534849380650758.png 1 263 184 145 96
2/1534849380750777.png 1 265 180 142 99 
2/1534849380850893.png 1 265 180 142 99 
2/1534849380950702.png 1 266 180 142 99 
2/1534849381052325.png 1 267 179 142 99 
2/1534849381163330.png 1 267 179 142 99 
2/1534849381263646.png 1 269 184 138 98
2/1534849381350805.png 1 273 181 142 99 
2/1534849381450865.png 1 274 179 142 99 
2/1534849381552468.png 1 274 180 142 99 
2/1534849381650539.png 1 275 180 142 99 
2/1534849381751663.png 1 276 182 146 97
2/1534849381850735.png 1 273 179 142 99 
2/1534849381962097.png 1 264 179 142 99 
2/1534849382068254.png 1 261 178 142 99 
2/1534849382150753.png 1 257 187 145 94
2/1534849382250535.png 1 253 179 142 99 
2/1534849382351616.png 1 254 179 142 99 
2/1534849382450536.png 1 256 179 148 100 
2/1534849382551925.png 1 251 184 156 89
2/1534849382650670.png 1 255 178 154 104 
2/1534849382754082.png 1 257 177 154 104 
2/1534849382870359.png 1 254 178 154 104 
2/1534849382951788.png 1 250 178 154 104 
2/1534849383051942.png 1 258 188 160 82
2/1534849383150307.png 1 257 179 161 97 
2/1534849383250548.png 1 255 178 161 97 
2/1534849383350309.png 1 266 177 161 97 
2/1534849383450510.png 1 284 188 159 86
2/1534849383553027.png 1 280 183 167 93 
2/1534849383664127.png 1 279 181 167 93 
2/1534849383750223.png 1 281 181 173 95 
2/1534849383850507.png 1 298 188 167 82
2/1534849383950211.png 1 284 182 179 94 
2/1534849384051757.png 1 279 180 176 94 
2/1534849384151267.png 1 286 181 176 94 
2/1534849384250096.png 1 295 185 179 86
2/1534849384350015.png 1 288 180 176 94 
2/1534849384450751.png 1 275 183 184 92 
2/1534849384551756.png 1 269 181 184 92 
2/1534849384650530.png 1 272 184 177 95
2/1534849384751382.png 1 265 183 184 92 
2/1534849384850375.png 1 264 181 184 92 
2/1534849384950375.png 1 266 182 184 92 
2/1534849385051634.png 1 266 184 184 92 
2/1534849385160840.png 1 280 190 168 80
2/1534849385249915.png 1 266 183 184 92 
2/1534849385350840.png 1 266 183 184 92 
2/1534849385450014.png 1 264 184 183 90 
2/1534849385551321.png 1 265 184 177 87 
2/1534849385650153.png 1 281 190 156 81
2/1534849385749722.png 1 266 183 173 84 
2/1534849385849758.png 1 269 185 167 81 
2/1534849385950892.png 1 265 185 167 81 
2/1534849386051283.png 1 261 187 162 79 
2/1534849386149717.png 1 266 187 151 78
2/1534849386249908.png 1 258 184 162 79 
2/1534849386349642.png 1 258 186 159 78 
2/1534849386449743.png 1 262 185 154 79 
2/1534849386552727.png 1 262 187 153 71 
2/1534849386649754.png 1 275 193 138 72
2/1534849386749641.png 1 262 187 153 71 
2/1534849386849791.png 1 258 187 153 71 
2/1534849386949520.png 1 261 184 151 72 
2/1534849387051208.png 1 271 191 139 71
2/1534849387150740.png 1 266 186 149 69 
2/1534849387249580.png 1 268 186 149 69 
2/1534849387349561.png 1 268 186 149 69 
2/1534849387449965.png 1 268 187 149 69 
2/1534849387551038.png 1 277 191 131 68
2/1534849387649513.png 1 257 185 149 69 
2/1534849387750446.png 1 257 186 146 66 
2/1534849387849320.png 1 253 186 146 66 
2/1534849387949378.png 1 247 184 146 66 
2/1534849388051229.png 1 245 185 146 66 
2/1534849388149349.png 1 249 187 126 68
2/1534849388249295.png 1 232 185 132 66 
2/1534849388350439.png 1 222 183 132 66 
2/1534849388449370.png 1 214 181 132 66 
2/1534849388550953.png 1 208 183 132 66 
2/1534849388649372.png 1 205 182 121 71
2/1534849388749177.png 1 185 186 132 66 
2/1534849388849276.png 1 176 183 132 66 
2/1534849388950215.png 1 177 184 128 63 
2/1534849389051009.png 1 185 184 119 64 
2/1534849389149463.png 1 176 183 119 64 
2/1534849389249737.png 1 167 183 119 64 
2/1534849389349216.png 1 167 183 110 64
2/1534849389449236.png 1 154 184 119 64 
2/1534849389552035.png 1 163 184 106 65
2/1534849389649028.png 1 155 182 119 64 
2/1534849389749017.png 1 157 181 119 64 
2/1534849389849100.png 1 171 188 113 66
2/1534849389948906.png 1 184 183 107 66 
2/1534849390050733.png 1 192 189 104 64
2/1534849390149975.png 1 203 184 107 66 
2/1534849390248859.png 1 217 185 101 66 
2/1534849390349036.png 1 202 186 109 69
2/1534849390448993.png 1 195 185 101 66 
2/1534849390550618.png 1 203 186 99 66 
2/1534849390648768.png 1 214 188 96 65
2/1534849390749959.png 1 221 185 94 66 
2/1534849390859957.png 1 213 189 96 64
2/1534849390960253.png 1 212 184 94 66 
2/1534849391050847.png 1 209 192 97 67
2/1534849391148648.png 1 211 182 98 70 
2/1534849391248654.png 1 211 195 99 58
2/1534849391349764.png 1 217 182 98 70 
2/1534849391448679.png 1 221 183 98 70 
2/1534849391550439.png 1 216 182 100 72
2/1534849391648751.png 1 208 183 98 70 
2/1534849391748442.png 1 202 186 104 68
2/1534849391848458.png 1 206 181 99 71 
2/1534849391949834.png 1 201 184 105 73
2/1534849392050585.png 1 195 181 104 71 
2/1534849392148555.png 1 185 184 106 73 
2/1534849392248690.png 1 183 189 107 69
2/1534849392357104.png 1 186 182 113 75 
2/1534849392452133.png 1 184 180 116 80 
2/1534849392551388.png 1 184 192 107 66
2/1534849392648321.png 1 177 184 117 75 
2/1534849392748320.png 1 179 185 116 69 
2/1534849392848965.png 1 190 192 112 62
2/1534849392948272.png 1 177 183 119 72 
2/1534849393050211.png 1 173 183 119 72 
2/1534849393149432.png 1 179 191 117 64
2/1534849393248947.png 1 192 184 119 72 
2/1534849393348984.png 1 190 186 129 71
2/1534849393448375.png 1 201 184 119 72 
2/1534849393550727.png 1 210 185 119 72 
2/1534849393648099.png 1 214 192 127 66
2/1534849393749421.png 1 226 188 122 68 
2/1534849393848076.png 1 233 187 122 68 
2/1534849393948050.png 1 231 185 133 80
2/1534849394050140.png 1 239 189 121 69 
2/1534849394148027.png 1 239 188 121 69 
2/1534849394247998.png 1 237 188 125 68 
2/1534849394349144.png 1 236 190 128 67
2/1534849394448043.png 1 239 188 126 66 
2/1534849394549846.png 1 239 189 123 63 
2/1534849394659055.png 1 239 189 123 63 
2/1534849394759578.png 1 239 189 123 63 
2/1534849394847983.png 1 239 188 123 63 
2/1534849394949038.png 1 239 187 124 64 
2/1534849395049863.png 1 237 187 127 68 
2/1534849395147873.png 1 239 186 125 67 
2/1534849395248169.png 1 238 187 125 67 
2/1534849395347833.png 1 239 187 123 65 
2/1534849395447975.png 1 240 188 123 65 
3/1534849410745143.png 1 286 179 134 92
3/1534849410845237.png 1 288 178 131 92 
3/1534849410944961.png 1 286 179 132 89 
3/1534849411046748.png 1 287 179 132 89 
3/1534849411157376.png 1 286 186 135 90
3/1534849411251773.png 1 285 179 133 90 
3/1534849411345374.png 1 283 182 133 85 
3/1534849411445160.png 1 279 181 131 82 
3/1534849411547165.png 1 284 183 138 90
3/1534849411644959.png 1 290 181 132 86 
3/1534849411746104.png 1 290 181 132 86 
3/1534849411845035.png 1 296 182 132 86 
3/1534849411945217.png 1 297 187 137 90
3/1534849412047075.png 1 298 181 132 86 
3/1534849412144923.png 1 295 180 132 86 
3/1534849412244872.png 1 299 182 132 86 
3/1534849412346429.png 1 303 186 132 91
3/1534849412444882.png 1 291 181 140 88 
3/1534849412546840.png 1 294 181 140 88 
3/1534849412645107.png 1 298 181 140 88 
3/1534849412744921.png 1 297 186 137 87
3/1534849412845387.png 1 294 181 140 85 
3/1534849412945986.png 1 297 181 144 88 
3/1534849413046797.png 1 302 179 144 88 
3/1534849413145132.png 1 304 186 153 83
3/1534849413245035.png 1 298 179 151 91 
3/1534849413344562.png 1 296 180 151 91 
3/1534849413446839.png 1 298 178 151 91 
3/1534849413547770.png 1 305 192 155 80
3/1534849413644623.png 1 299 181 156 92 
3/1534849413744530.png 1 288 181 164 91 
3/1534849413844662.png 1 282 179 164 91 
3/1534849413944339.png 1 284 187 163 90
3/1534849414046262.png 1 281 179 164 91 
3/1534849414145309.png 1 277 179 164 91 
3/1534849414244317.png 1 268 182 166 86 
3/1534849414344335.png 1 263 184 166 86
3/1534849414444492.png 1 260 180 166 86 
3/1534849414546080.png 1 268 181 173 83 
3/1534849414644286.png 1 275 180 173 83 
3/1534849414745341.png 1 284 183 164 88
3/1534849414855346.png 1 274 179 173 83 
3/1534849414944425.png 1 278 180 173 83 
3/1534849415046353.png 1 285 186 165 85
3/1534849415144451.png 1 280 181 174 83 
3/1534849415244434.png 1 278 183 174 83 
3/1534849415345479.png 1 278 182 174 83 
3/1534849415444730.png 1 282 188 174 84
3/1534849415546092.png 1 283 183 178 90 
3/1534849415656293.png 1 290 181 178 90 
3/1534849415744470.png 1 288 179 182 92 
3/1534849415844440.png 1 278 191 191 88
3/1534849415945536.png 1 267 179 194 91 
3/1534849416046320.png 1 255 182 202 100 
3/1534849416144538.png 1 249 180 208 105 
3/1534849416244621.png 1 245 186 208 100
3/1534849416344346.png 1 239 176 226 111 
3/1534849416444304.png 1 241 179 231 115 
3/1534849416547339.png 1 241 184 239 114
3/1534849416644327.png 1 241 187 241 109
3/1534849416744351.png 1 235 181 247 109
3/1534849416844160.png 1 242 185 236 110
3/1534849416943960.png 1 236 181 242 116
3/1534849417045799.png 1 228 186 251 108
3/1534849417156851.png 1 218 180 255 119
3/1534849417244067.png 1 230 186 239 111
3/1534849417343936.png 1 231 174 253 121 
3/1534849417444117.png 1 236 172 244 121 
3/1534849417545646.png 1 251 186 233 116
3/1534849417643789.png 1 243 173 244 121 
3/1534849417744876.png 1 246 183 225 128
3/1534849417843813.png 1 234 173 232 118 
3/1534849417943715.png 1 231 173 233 115 
3/1534849418045740.png 1 237 181 215 116
3/1534849418143854.png 1 229 173 230 117 
3/1534849418244099.png 1 231 174 214 119
3/1534849418345229.png 1 224 171 214 117 
3/1534849418443679.png 1 221 175 210 118
3/1534849418545548.png 1 229 172 209 120 
3/1534849418655180.png 1 241 178 191 125
3/1534849418743675.png 1 239 172 193 121 
3/1534849418843744.png 1 231 173 198 125
3/1534849418944966.png 1 232 174 199 133
3/1534849419045420.png 1 229 180 203 123
3/1534849419143611.png 1 233 172 193 130
3/1534849419243813.png 1 231 170 193 121 
3/1534849419343610.png 1 237 175 192 124
3/1534849419443583.png 1 231 174 198 127
3/1534849419546525.png 1 234 173 192 117 
3/1534849419643544.png 1 241 174 187 122
3/1534849419743741.png 1 242 172 189 126
3/1534849419843639.png 1 230 169 195 122 
3/1534849419944059.png 1 241 176 191 124
3/1534849420046255.png 1 241 172 205 123
3/1534849420145033.png 1 238 179 220 119
3/1534849420243802.png 1 240 171 219 128
3/1534849420344478.png 1 229 174 227 127
3/1534849420444644.png 1 217 175 230 122
3/1534849420545955.png 1 207 177 233 119
3/1534849420643719.png 1 210 170 238 120 
3/1534849420744973.png 1 213 168 246 125 
3/1534849420843689.png 1 218 170 244 121 
3/1534849420943682.png 1 218 169 250 129 
3/1534849421045318.png 1 235 173 226 122
3/1534849421143699.png 1 216 167 258 129 
3/1534849421243623.png 1 211 164 258 129 
3/1534849421344730.png 1 205 163 258 129 
3/1534849421443529.png 1 211 170 240 131
3/1534849421557267.png 1 194 169 260 122 
3/1534849421665338.png 1 187 166 262 127 
3/1534849421743770.png 1 189 170 241 126
3/1534849421843532.png 1 169 168 265 124 
3/1534849421944641.png 1 167 168 266 129 
3/1534849422044811.png 1 176 171 243 125
3/1534849422143455.png 1 147 165 267 130 
3/1534849422243636.png 1 133 164 273 126 
3/1534849422343383.png 1 134 166 276 129 
3/1534849422443360.png 1 149 167 252 127
3/1534849422545955.png 1 134 164 274 131 
3/1534849422643472.png 1 132 166 272 129 
3/1534849422743436.png 1 158 174 242 120
3/1534849422843568.png 1 135 163 273 134 
3/1534849422943334.png 1 134 164 273 134 
3/1534849423044734.png 1 135 163 273 134 
3/1534849423144503.png 1 162 173 239 118
3/1534849423243261.png 1 134 161 273 134 
3/1534849423343183.png 1 134 163 273 134 
3/1534849423443519.png 1 134 164 273 134 
3/1534849423544789.png 1 164 164 236 128
3/1534849423643262.png 1 136 161 273 134 
3/1534849423744437.png 1 136 162 273 134 
3/1534849423843514.png 1 134 162 273 134 
3/1534849423943354.png 1 163 165 239 134
3/1534849424045148.png 1 135 166 273 134 
3/1534849424143072.png 1 135 166 273 134 
4/1534849454637913.png 1 222 176 203 133
4/1534849454737542.png 1 226 179 198 125
4/1534849454837291.png 1 222 178 204 130
4/1534849454938382.png 1 221 177 207 132
4/1534849455040415.png 1 219 176 206 130
4/1534849455137174.png 1 221 179 203 128
4/1534849455237494.png 1 227 176 199 129
4/1534849455349264.png 1 217 175 210 133
4/1534849455437223.png 1 217 173 209 137
4/1534849455540635.png 1 224 176 201 134
4/1534849455638058.png 1 210 170 217 135
4/1534849455738051.png 1 231 176 194 133
4/1534849455838184.png 1 226 177 210 135
4/1534849455937047.png 1 230 180 205 126
4/1534849456039301.png 1 225 173 204 136
4/1534849456155795.png 1 214 177 197 132
4/1534849456237968.png 1 212 175 204 134
4/1534849456337970.png 1 229 181 198 132
4/1534849456438103.png 1 221 175 203 130
4/1534849456540066.png 1 226 178 199 131
4/1534849456636931.png 1 238 178 194 129
4/1534849456738091.png 1 236 180 198 129
4/1534849456837722.png 1 248 181 195 125
4/1534849456937856.png 1 255 179 196 128
4/1534849457040185.png 1 250 177 202 129
4/1534849457137814.png 1 246 180 207 132
4/1534849457237734.png 1 245 179 212 133
4/1534849457339037.png 1 237 181 221 130
4/1534849457437787.png 1 246 177 217 137
4/1534849457540135.png 1 247 180 217 129
4/1534849457638034.png 1 245 182 221 130
4/1534849457737543.png 1 241 183 229 129
4/1534849457837556.png 1 243 177 240 130
4/1534849457938814.png 1 262 181 227 130
4/1534849458039813.png 1 253 182 235 134
4/1534849458138095.png 1 239 180 242 132
4/1534849458236760.png 1 235 178 240 133
4/1534849458336561.png 1 241 184 236 124
4/1534849458436467.png 1 229 177 249 134
4/1534849458539938.png 1 224 179 248 124
4/1534849458637347.png 1 233 183 242 127
4/1534849458737438.png 1 226 182 250 122
4/1534849458837560.png 1 224 183 255 124
4/1534849458937496.png 1 227 180 258 131
4/1534849459039945.png 1 244 179 254 132
4/1534849459138615.png 1 238 181 259 126
4/1534849459237327.png 1 233 185 256 120
4/1534849459337371.png 1 229 180 261 133
4/1534849459437459.png 1 235 178 260 128
4/1534849459540239.png 1 235 181 258 132
4/1534849459637224.png 1 238 183 256 125
4/1534849459738583.png 1 234 178 258 134
4/1534849459837228.png 1 235 183 251 122
4/1534849459937594.png 1 226 189 262 117
4/1534849460039784.png 1 228 187 254 117
4/1534849460137388.png 1 221 180 258 122
4/1534849460237712.png 1 229 178 239 119
4/1534849460339060.png 1 225 180 235 114
4/1534849460437891.png 1 230 179 225 113
4/1534849460540303.png 1 223 181 227 118
4/1534849460637388.png 1 231 181 218 119
4/1534849460737038.png 1 228 179 211 108
4/1534849460838184.png 1 229 179 199 109
4/1534849460937823.png 1 229 183 194 101
4/1534849461039418.png 1 221 184 198 96
4/1534849461137494.png 1 222 183 196 94
4/1534849461237353.png 1 227 187 191 91
4/1534849461336064.png 1 231 185 184 89
4/1534849461435912.png 1 227 185 188 92
4/1534849461539539.png 1 227 181 186 95
4/1534849461637046.png 1 235 184 174 85
4/1534849461736853.png 1 237 184 173 90
4/1534849461849890.png 1 227 184 178 92
4/1534849461950384.png 1 227 188 172 86
4/1534849462039074.png 1 220 190 177 83
4/1534849462138138.png 1 225 184 172 82
4/1534849462237884.png 1 240 185 162 82
4/1534849462336833.png 1 234 190 172 79
4/1534849462435999.png 1 244 188 161 80
4/1534849462537963.png 1 241 189 166 83
4/1534849462635971.png 1 248 185 157 84
4/1534849462738485.png 1 253 194 157 74
4/1534849462836884.png 1 255 190 151 83
4/1534849462937000.png 1 255 190 154 80
4/1534849463038136.png 1 254 190 150 79
4/1534849463137000.png 1 246 185 151 83
4/1534849463236904.png 1 250 194 150 65
4/1534849463337838.png 1 242 183 149 79
4/1534849463437744.png 1 242 182 147 85
4/1534849463539968.png 1 241 182 136 79
4/1534849463637812.png 1 232 183 133 80
4/1534849463737705.png 1 235 185 125 82
4/1534849463837675.png 1 240 184 124 82
4/1534849463938260.png 1 247 193 119 72
4/1534849464039886.png 1 248 188 119 68
4/1534849464137170.png 1 242 183 135 74
4/1534849464237145.png 1 254 187 123 71
4/1534849464336945.png 1 244 180 133 80
4/1534849464436966.png 1 249 183 122 71
4/1534849464540450.png 1 251 190 122 71
4/1534849464636215.png 1 258 184 117 76
4/1534849464736189.png 1 260 187 107 74
4/1534849464836339.png 1 233 181 120 78
4/1534849464936257.png 1 245 178 109 79
4/1534849465038246.png 1 241 180 110 76
4/1534849465136422.png 1 238 181 111 80
4/1534849465236218.png 1 218 177 116 78
4/1534849465336096.png 1 219 175 111 80
4/1534849465436348.png 1 226 182 107 74
4/1534849465538180.png 1 241 180 103 79
4/1534849465636156.png 1 236 183 99 76
4/1534849465737365.png 1 227 189 101 67
4/1534849465836091.png 1 211 184 111 70
4/1534849465936183.png 1 205 178 118 75 
4/1534849466038247.png 1 202 177 118 75 
4/1534849466136044.png 1 204 177 118 75 
4/1534849466236009.png 1 201 177 118 75 
4/1534849466337510.png 1 195 176 118 75 
4/1534849466436105.png 1 190 180 115 73
4/1534849466538008.png 1 181 179 124 73
4/1534849466636446.png 1 179 172 125 83
4/1534849466735909.png 1 181 180 129 80
4/1534849466836159.png 1 175 177 132 75
4/1534849466937187.png 1 173 178 133 80
4/1534849467037891.png 1 181 182 133 79
4/1534849467135832.png 1 190 179 135 77
4/1534849467236197.png 1 193 179 142 74 
4/1534849467335805.png 1 186 177 142 74 
4/1534849467435768.png 1 189 177 147 77 
4/1534849467539105.png 1 221 169 136 85
4/1534849467635789.png 1 233 175 138 83
4/1534849467735684.png 1 237 179 143 79
4/1534849467835893.png 1 251 177 136 82
4/1534849467935649.png 1 250 179 144 80
4/1534849468037719.png 1 250 175 144 83
4/1534849468136839.png 1 269 191 131 70
4/1534849468235700.png 1 275 187 138 70
4/1534849468335556.png 1 282 188 141 72
4/1534849468447351.png 1 286 188 143 71
4/1534849468537675.png 1 291 185 137 73
4/1534849468635631.png 1 275 182 159 76 
4/1534849468736852.png 1 271 180 159 76 
4/1534849468835876.png 1 269 179 159 76 
4/1534849468934752.png 1 267 182 159 76 
4/1534849469049134.png 1 271 181 146 83
4/1534849469167395.png 1 273 170 148 90
4/1534849469236135.png 1 280 180 138 80
4/1534849469335599.png 1 274 182 147 75
4/1534849469434377.png 1 270 180 149 77
4/1534849469536274.png 1 276 180 144 77
4/1534849469634543.png 1 283 190 140 71
4/1534849469734329.png 1 276 176 146 80
4/1534849469834289.png 1 269 177 150 82
4/1534849469947226.png 1 272 176 148 81
4/1534849470052271.png 1 273 180 146 81
4/1534849470136681.png 1 267 181 151 77
4/1534849470235590.png 1 271 180 148 79
4/1534849470335318.png 1 268 181 159 76
5/1.jpg 1 559 339 213 103 
5/2.jpg 1 300 351 249 84 
5/3.jpg 1 296 352 258 83 
5/4.jpg 1 702 352 277 113 
5/5.jpg 1 565 352 292 109 
5/6.jpg 1 484 352 298 99 
5/7.jpg 1 381 351 284 93 
5/8.jpg 1 255 347 337 107 
5/9.jpg 1 217 349 346 104 
5/10.jpg 1 468 347 412 142 
5/11.jpg 1 92 338 450 145 
5/12.jpg 1 620 352 340 114 
5/13.jpg 1 466 351 305 107 
5/14.jpg 1 786 334 494 218 
5/15.jpg 1 505 328 708 235 
5/16.jpg 1 744 330 536 219 
5/17.jpg 1 602 354 366 125 
5/18.jpg 1 548 353 367 129 
5/19.jpg 1 546 353 369 125 
5/20.jpg 1 156 349 391 124
